929
148 375
268 549
67 474
209 332
219 391
72 928
31 17
488 81
265 242
465 266
280 376
527 188
89 390
393 110
348 204
316 896
568 599
911 455
3 534
490 77
579 662
883 395
316 133
136 69
818 647
6 746
456 283
138 668
646 386
17 9
68 116
12 422
547 440
8 185
107 118
261 314
67 178
707 741
216 1
196 95
679 566
203 398
658 562
704 10
492 270
904 487
327 167
81 238
103 514
678 244
276 272
95 163
151 286
301 21
320 383
41 792
277 312
341 82
463 12
131 424
657 629
454 472
269 499
553 203
870 418
821 187
305 408
75 42
555 180
259 85
595 63
395 638
16 15
394 168
368 151
254 469
53 62
427 698
734 304
766 360
618 478
154 274
817 512
901 261
215 210
287 330
816 64
141 187
579 608
882 182
5 174
643 320
57 788
39 82
17 213
381 76
747 520
535 6
328 349
648 765
2 9
2 3
50 31
683 277
123 83
738 739
121 670
4 263
12 192
438 552
113 382
63 129
795 875
198 147
490 551
502 127
230 585
77 78
491 34
125 574
217 278
559 164
49 237
57 65
77 700
136 897
109 671
466 769
68 135
232 27
260 300
201 815
150 343
232 305
94 444
600 722
561 471
176 874
807 114
742 773
431 636
906 595
454 903
706 300
626 697
176 372
663 653
210 16
601 126
174 272
396 673
79 721
522 411
373 856
211 91
501 80
31 99
177 84
500 327
92 546
653 490
665 371
175 180
909 681
52 115
763 89
699 437
192 737
731 560
94 842
621 301
601 785
48 296
375 558
506 416
177 772
69 617
11 1
215 298
137 520
173 573
102 99
140 219
852 636
759 498
67 584
239 14
242 589
283 281
52 438
320 87
133 26
128 38
62 431
172 162
167 240
328 448
624 585
189 508
186 13
399 262
20 15
494 146
20 235
258 119
517 135
200 541
907 136
891 383
51 43
913 107
378 858
114 154
800 839
550 444
849 351
14 38
656 460
277 12
819 483
344 529
343 723
34 255
101 97
426 820
915 865
889 101
84 87
246 160
716 436
740 137
347 48
90 783
695 38
178 184
84 410
205 27
26 710
122 161
219 762
849 853
246 720
506 650
75 260
72 60
53 43
613 484
13 22
548 78
567 524
69 392
520 632
712 59
52 49
318 709
396 779
544 419
203 369
60 138
657 680
165 311
103 12
329 45
88 131
831 217
876 124
34 619
583 320
86 15
569 277
35 21
123 124
131 395
744 651
88 173
165 302
925 929
718 192
2 1
606 12
565 255
752 111
234 121
159 805
400 423
110 404
284 267
520 677
24 112
872 505
868 268
195 52
86 105
359 417
517 562
70 413
23 5
102 176
21 106
101 111
437 190
869 368
523 648
170 18
177 269
68 167
12 139
871 170
42 30
287 115
20 36
25 39
129 254
611 557
61 732
127 297
77 614
367 123
622 728
707 501
237 630
225 34
704 801
108 862
298 925
449 407
441 170
103 844
12 2
6 110
350 94
778 741
90 266
14 108
640 91
454 287
540 139
115 183
2 6
401 30
877 431
16 29
26 5
715 774
303 282
57 31
223 203
459 210
385 19
151 139
284 593
248 521
1 8
453 919
80 134
203 881
533 910
297 333
552 635
109 72
855 787
93 268
355 428
396 468
434 305
75 645
164 103
532 267
109 257
660 579
481 284
69 256
323 331
15 352
160 139
736 255
28 220
37 117
15 37
113 603
487 208
355 59
236 696
434 639
255 554
3 68
89 5
525 580
13 6
675 564
220 878
179 177
29 642
218 420
796 581
175 703
2 15
319 612
644 286
386 530
703 835
110 247
879 15
62 538
77 49
837 490
625 609
396 333
892 499
452 254
109 144
593 738
380 171
183 346
243 339
17 73
160 507
432 92
379 11
767 610
133 757
226 676
419 100
681 641
768 148
148 598
61 430
258 686
47 156
509 230
445 228
537 532
320 588
134 784
343 495
849 860
545 404
137 189
8 345
29 122
349 357
466 163
571 525
110 384
701 352
204 38
748 800
295 169
233 6
878 924
442 228
175 156
708 564
179 242
564 170
360 298
224 214
135 292
93 56
510 302
756 698
430 902
44 81
180 802
11 922
80 18
142 93
45 5
464 419
110 727
304 248
129 402
61 95
167 194
155 134
100 600
373 581
72 83
84 726
208 218
518 89
295 336
457 810
306 152
128 467
255 748
166 190
615 281
822 770
375 451
823 587
204 478
366 352
511 303
48 275
4 226
47 12
174 787
387 241
121 202
435 130
898 557
841 795
25 10
812 550
335 3
17 28
126 21
411 586
313 317
461 369
288 281
264 682
927 175
672 10
843 212
470 126
96 725
114 525
430 684
455 440
790 647
890 575
325 300
335 652
103 149
557 401
125 127
406 148
367 504
252 309
146 594
849 866
186 206
262 96
743 273
3 5
475 195
37 526
212 173
516 575
70 52
477 622
809 506
358 918
270 116
378 349
182 702
610 530
2 10
690 445
46 67
243 666
118 659
476 428
304 782
113 457
616 136
157 50
23 609
289 519
589 798
103 141
208 334
315 77
306 308
286 293
293 453
48 342
111 143
169 243
770 621
562 832
775 625
404 811
141 351
24 14
443 895
455 628
758 425
724 166
64 60
107 20
912 197
219 828
241 24
98 159
64 715
917 546
88 227
181 71
893 34
92 30
641 319
81 168
25 27
6 14
236 179
19 46
808 530
42 221
281 61
355 411
838 691
264 39
99 267
76 63
307 32
365 26
77 324
1 4
685 548
416 179
854 224
34 578
40 24
331 884
222 113
394 900
94 605
187 386
693 308
90 498
214 41
735 655
388 377
780 625
425 4
471 208
209 133
506 597
414 175
203 29
298 400
174 363
733 177
729 327
175 250
7 48
382 579
77 148
231 81
208 473
482 351
219 353
713 245
714 48
323 60
356 150
655 351
440 420
806 781
302 337
105 120
16 162
54 52
123 201
795 302
19 294
711 520
227 418
543 436
119 114
755 253
18 140
536 295
686 888
33 44
531 212
846 284
576 102
114 245
354 179
921 565
489 252
132 7
405 484
94 87
10 56
833 671
146 62
89 777
83 389
55 27
507 691
826 495
66 33
165 829
125 97
429 292
338 226
694 63
389 458
166 103
859 725
6 371
447 339
401 674
98 4
173 217
407 634
512 484
705 623
250 426
496 173
687 585
612 623
52 607
290 244
197 5
94 230
248 179
358 97
318 483
484 793
228 328
199 152
234 282
359 170
90 97
573 824
134 563
152 100
667 619
74 228
171 669
181 377
649 477
594 914
750 20
10 49
566 383
188 127
12 84
692 413
136 373
591 267
533 129
403 926
887 576
425 433
58 100
7 2
367 477
36 764
33 41
344 23
165 141
633 495
395 745
11 60
5 730
47 104
74 79
30 17
90 804
863 404
49 570
200 326
126 130
450 419
497 392
346 814
873 536
717 590
577 399
447 626
14 21
541 688
249 39
195 637
252 18
111 208
235 313
14 85
72 370
791 905
749 578
520 840
751 611
407 361
19 59
836 517
415 397
310 253
539 505
505 503
443 130
363 493
447 462
244 460
627 274
293 845
461 647
361 140
865 286
920 247
651 178
789 177
295 794
403 79
609 834
46 318
153 95
556 90
324 427
123 596
136 137
207 140
357 582
181 560
668 754
169 144
496 916
791 647
515 304
64 850
397 343
923 303
295 847
172 894
584 864
630 654
389 513
321 528
171 99
49 91
11 19
86 271
96 32
283 689
242 436
861 477
742 455
200 781
63 11
587 105
435 485
8 69
337 590
362 85
48 229
340 213
592 503
67 486
41 158
220 886
25 32
474 572
161 191
158 321
444 604
53 121
322 169
503 391
378 446
113 12
562 857
76 88
46 145
523 328
325 405
244 89
22 150
880 6
578 899
15 33
43 74